30000000000000000000000000000000000000000000000000000000000000000000000000000000000000000000000000000000000000000000000000000000000000000000000000000000000000000000000000000000000000000000000000000000000000000000000000000000000000000000001
00000000000000000000000000000000000000000000000000000000000000000000000000000000000000000000000000000000000000000000000000000000000000000000000000000000000000000000000000000000000000000000000000000000000000000000000000000000000000000000001
00000000000000000000000000000000000000000000000000000000000000000000000000000000000000000000000000000000000000000000000000000000000000000000000000000000000000000000000000000000000000000000000000000000000000000000000000000000000000000000001
00000000000000000000000000000000000000000000000000000000000000000000000000000000000000000000000000000000000000000000000000000000000000000000000000000000000000000000000000000000000000000000000000000000000000000000000000000000000000000000001
00000000000000000000000000000000000000000000000000000000000000000000000000000000000000000000000000000000000000000000000000000000000000000000000000000000000000000000000000000000000000000000000000000000000000000000000000000000000000000000001
00000000000000000000000000000000000000000000000000000000000000000000000000000000000000000000000000000000000000000000000000000000000000000000000000000000000000000000000000000000000000000000000000000000000000000000000000000000000000000000001
00000000000000000000000000000000000000000000000000000000000000000000000000000000000000000000000000000000000000000000000000000000000000000000000000000000000000000000000000000000000000000000000000000000000000000000000000000000000000000000001
00000000000000000000000000000000000000000000000000000000000000000000000000000000000000000000000000000000000000000000000000000000000000000000000000000000000000000000000000000000000000000000000000000000000000000000000000000000000000000000001
00000000000000000000000000000000000000000000000000000000000000000000000000000000000000000000000000000000000000000000000000000000000000000000000000000000000000000000000000000000000000000000000000000000000000000000000000000000000000000000001
00000000000000000000000000000000000000000000000000000000000000000000000000000000000000000000000000000000000000000000000000000000000000000000000000000000000000000000000000000000000000000000000000000000000000000000000000000000000000000000001
00000000000000000000000000000000000000000000000000000000000000000000000000000000000000000000000000000000000000000000000000000000000000000000000000000000000000000000000000000000000000000000000000000000000000000000000000000000000000000000001
00000000000000000000000000000000000000000000000000000000000000000000000000000000000000000000000000000000000000000000000000000000000000000000000000000000000000000000000000000000000000000000000000000000000000000000000000000000000000000000001
00000000000000000000000000000000000000000000000000000000000000000000000000000000000000000000000000000000000000000000000000000000000000000000000000000000000000000000000000000000000000000000000000000000000000000000000000000000000000000000001
00000000000000000000000000000000000000000000000000000000000000000000000000000000000000000000000000000000000000000000000000000000000000000000000000000000000000000000000000000000000000000000000000000000000000000000000000000000000000000000001
00000000000000000000000000000000000000000000000000000000000000000000000000000000000000000000000000000000000000000000000000000000000000000000000000000000000000000000000000000000000000000000000000000000000000000000000000000000000000000000001
00000000000000000000000000000000000000000000000000000000000000000000000000000000000000000000000000000000000000000000000000000000000000000000000000000000000000000000000000000000000000000000000000000000000000000000000000000000000000000000001
00000000000000000000000000000000000000000000000000000000000000000000000000000000000000000000000000000000000000000000000000000000000000000000000000000000000000000000000000000000000000000000000000000000000000000000000000000000000000000000001
00000000000000000000000000000000000000000000000000000000000000000000000000000000000000000000000000000000000000000000000000000000000000000000000000000000000000000000000000000000000000000000000000000000000000000000000000000000000000000000001
00000000000000000000000000000000000000000000000000000000000000000000000000000000000000000000000000000000000000000000000000000000000000000000000000000000000000000000000000000000000000000000000000000000000000000000000000000000000000000000001
00000000000000000000000000000000000000000000000000000000000000000000000000000000000000000000000000000000000000000000000000000000000000000000000000000000000000000000000000000000000000000000000000000000000000000000000000000000000000000000001
00000000000000000000000000000000000000000000000000000000000000000000000000000000000000000000000000000000000000000000000000000000000000000000000000000000000000000000000000000000000000000000000000000000000000000000000000000000000000000000001
00000000000000000000000000000000000000000000000000000000000000000000000000000000000000000000000000000000000000000000000000000000000000000000000000000000000000000000000000000000000000000000000000000000000000000000000000000000000000000000001
00000000000000000000000000000000000000000000000000000000000000000000000000000000000000000000000000000000000000000000000000000000000000000000000000000000000000000000000000000000000000000000000000000000000000000000000000000000000000000000001
00000000000000000000000000000000000000000000000000000000000000000000000000000000000000000000000000000000000000000000000000000000000000000000000000000000000000000000000000000000000000000000000000000000000000000000000000000000000000000000001
00000000000000000000000000000000000000000000000000000000000000000000000000000000000000000000000000000000000000000000011111110000000000000000000000000000000000000000000000000000000000000000000000000000000000000000000000000000000000000000001
00000000000000000000000000000000000000000000000000000000000000000000000000000000000000000000000000000000000000111111111111111111110000000000000000000000000000000000000000000000000000000000000000000000000000000000000000000000000000000000001
00000000000000000000000000000000000000000000000000000000000000000000000000000000000000000000000000000000001111111111111111111111111111100000000000000000000000000000000000000000000000000000000000000000000000000000000000000000000000000000001
00000000000000000000000000000000000000000000000000000000000000000000000000000000000000000000000000000000111111111111111111111111111111111100000000000000000000000000000000000000000000000000000000000000000000000000000000000000000000000000001
00000000000000000000000000000000000000000000000000000000000000000000000000000000000000000000000000000111111111111111111111111111111111111111100000000000000000000000000000000000000000000000000000000000000000000000000000000000000000000000001
00000000000000000000000000000000000000000000000000000000000000000000000000000000000000000000000000001111111111111111111111111111111111111111110000000000000000000000000000000000000000000000000000000000000000000000000000000000000000000000001
00000000000000000000000000000000000000000000000000000000000000000000000000000000000000000000000000111111111111111111111111111111111111111111111100000000000000000000000000000000000000000000000000000000000000000000000000000000000000000000001
00000000000000000000000000000000000000000000000000000000000000000000000000000000000000000000000001111111111011111111111111111111111111111111111111000000000000000000000000000000000000000000000000000000000000000000000000000000000000000000001
00000000000000000000000000000000000000000000000000000000000000000000000000000000000000000000000011111111110011111111111111111111111111111111111111100000000000000000000000000000000000000000000000000000000000000000000000000000000000000000001
00000000000000000000000000000000000000000000000000000000000000000000000000000000000000000000000111111111110011111111111111111111111111111111111111110000000000000000000000000000000000000000000000000000000000000000000000000000000000000000001
00000000000000000000000000000000000000000000000000000000000000000000000000000000000000000000011111111111100011111111111111111111111111111111111111111100000000000000000000000000000000000000000000000000000000000000000000000000000000000000001
00000000000000000000000000000000000000000000000000000000000000000000000000000000000000000000011111111111100111111111111111111111111111111111111111111110000000000000000000000000000000000000000000000000000000000000000000000000000000000000001
00000000000000000000000000000000000000000000000000000000000000000000000000000000000000000001111111111111000111111111111111111111111111111111111111111111000000000000000000000000000000000000000000000000000000000000000000000000000000000000001
00000000000000000000000000000000000000000000000000000000000000000000000000000000000000000011111111111111000101111111111111111111111111111111111111111111100000000000000000000000000000000000000000000000000000000000000000000000000000000000001
00000000000000000000000000000000000000000000000000000000000000000000000000000000000000000011111111111111001111111111111111111111111111111111111111111111100000000000000000000000000000000000000000000000000000000000000000000000000000000000001
00000000000000000000000000000000000000000000000000000000000000000000000000000000000000000111111111111110000111111111111111111111111111111111111111111111110000000000000000000000000000000000000000000000000000000000000000000000000000000000001
00000000000000000000000000000000000000000000000000000000000000000000000000000000000000001111111111111000000000001111111111111111111111111111111111111111111000000000000000000000000000000000000000000000000000000000000000000000000000000000001
00000000000000000000000000000000000000000000000000000000000000000000000000000000000000001111111111000000000000000000000111111111111111111111111111111111111100000000000000000000000000000000000000000000000000000000000000000000000000000000001
00000000000000000000000000000000000000000000000000000000000000000000000000000000000000011111111000000000000000000000000000111111111111111111111111111111111110000000000000000000000000000000000000000000000000000000000000000000000000000000001
00000000000000000000000000000000000000000000000000000000000000000000000000000000000000111111000000000000000000000000000000001111111111111111111111111111111110000000000000000000000000000000000000000000000000000000000000000000000000000000001
00000000000000000000000000000000000000000000000000000000000000000000000000000000000000111110000000000000000000000000000000000111111111111111111111111111111111000000000000000000000000000000000000000000000000000000000000000000000000000000001
00000000000000000000000000000000000000000000000000000000000000000000000000000000000001111100000000000000000000000000000000000011111111111111111111111111111111100000000000000000000000000000000000000000000000000000000000000000000000000000001
00000000000000000000000000000000000000000000000000000000000000000000000000000000000001111000000000000000000000000000000000000011111111111111111111111111111111100000000000000000000000000000000000000000000000000000000000000000000000000000001
00000000000000000000000000000000000000000000000000000000000000000000000000000000000011110000000000000000000000000000000000000000111111111111111111111111111111110000000000000000000000000000000000000000000000000000000000000000000000000000001
00000000000000000000000000000000000000000000000000000000000000000000000000000000000011110000000000000000000000000000000000000000001111111111111111111111111111110000000000000000000000000000000000000000000000000000000000000000000000000000001
00000000000000000000000000000000000000000000000000000000000000000000000000000000000111110000000000000000000000000000000000000000001111111111111111111111111111111000000000000000000000000000000000000000000000000000000000000000000000000000001
00000000000000000000000000000000000000000000000000000000000000000000000000000000000111100000000000000000000000000000000000000000011111111111111111111111111111111000000000000000000000000000000000000000000000000000000000000000000000000000001
00000000000000000000000000000000000000000000000000000000000000000000000000000000001111000000000000000000000000000000000000000000000111111111111111111111111111111100000000000000000000000000000000000000000000000000000000000000000000000000001
00000000000000000000000000000000000000000000000000000000000000000000000000000000011111000000000000000000000000000000000000000000000111111111111111111111111111111100000000000000000000000000000000000000000000000000000000000000000000000000001
00000000000000000000000000000000000000000000000000000000000000000000000000000000011111000000000000000000000000000000000000000000000111111111111111111111111111111110000000000000000000000000000000000000000000000000000000000000000000000000001
00000000000000000000000000000000000000000000000000000000000000000000000000000000111111000000000000000000000000000000000000000000000001111111111111111111111111111110000000000000000000000000000000000000000000000000000000000000000000000000001
00000000000000000000000000000000000000000000000000000000000000000000000000000001111110000000000000000000000000000000000000000000000001111111111111111111111111111110000000000000000000000000000000000000000000000000000000000000000000000000001
00000000000000000000000000000000000000000000000000000000000000000000000000000000111110000000000000000000000000000000000000000000000001111111111111111111111111111111000000000000000000000000000000000000000000000000000000000000000000000000001
00000000000000000000000000000000000000000000000000000000000000000000000000000000011110000000000000000000000000000000000000000000000000111111111111111111111111111111000000000000000000000000000000000000000000000000000000000000000000000000001
00000000000000000000000000000000000000000000000000000000000000000000000000000000011110000000000000000000000000000000000000000000000000011111111111111111111111111111000000000000000000000000000000000000000000000000000000000000000000000000001
00000000000000000000000000000000000000000000000000000000000000000000000000000000111110000000000000000000000000000000000000000000000000001011111111111111111111111111000000000000000000000000000000000000000000000000000000000000000000000000001
00000000000000000000000000000000000000000000000000000000000000000000000000000001111110000000000000000000000000000000000000000000000000000011111111111111111111111111100000000000000000000000000000000000000000000000000000000000000000000000001
00000000000000000000000000000000000000000000000000000000000000000000000000000011111110000000000000000000000000000000000000000000000000000011111111111111111111111111100000000000000000000000000000000000000000000000000000000000000000000000001
00000000000000000000000000000000000000000000000000000000000000000000000000000111111100000000000000000000000000000000000000000000000000000001111111111111111111111111100000000000000000000000000000000000000000000000000000000000000000000000001
00000000000000000000000000000000000000000000000000000000000000000000000000000111111100000000000000000000000000000000000000000000000000000001111111111111111111111111110000000000000000000000000000000000000000000000000000000000000000000000001
00000000000000000000000000000000000000000000000000000000000000000000000000001111111100000000000000000000000000000000000000000000000000000001111111111111111111111111110000000000000000000000000000000000000000000000000000000000000000000000001
00000000000000000000000000000000000000000000000000000000000000000000000000001111111100000000000000000000000000000000000000000000000000000001111111111111111111111111110000000000000000000000000000000000000000000000000000000000000000000000001
00000000000000000000000000000000000000000000000000000000000000000000000000001111111100000000000000000000000000000000000000000000000000000001111111111111111111111111110000000000000000000000000000000000000000000000000000000000000000000000001
00000110000111000000000000000000000000000000000000000000000000000000000000001111111100000000000000000000000000000000000000000000000000000011111111111111111111111111110000000000000000000000000000000000000000000000000000000000000000000000001
01000110000001010000000000000000000000000000000000000000000000000000000000011111111100000000000000000000000000000000000000000000000000000011111111111111111111111111110000000000000000000000000000000000000000000000000000000000000000000000001
11111110000000001000000000000000000000000000000000000000000000000000000000001111111100000000000000000000000000000000000000000000000000000011111111111111111111111111110000000000000000000000000000000000000000000000000000000000000000000000001
01111111000100001100000000000000000000000000000000000000000000000000000000001111111100000000000000000000000000000000000000000000000000000011111111111111111111111111111000000000000000000000000000000000000000000000000000000000000000000000001
01111111100000001100000000000000000000000000000000000000000000000000000000001111111110000000000000000000000000000000000000000000000000000011111111111111111111111111110010000000000000000000000000000000000000000000000000000000000000000000001
11111111000000000000000000000000000000000000000000000000000000000000000000001111111110000000000000000000000000000000000000000000000000000011111111111111111111111111111000000000000000000000000000000000000000000000000000000000000000000000001
01111111111010011000000000000000000000000000000000000000000000000000000000011111111110000000000000000000000000011110000000011111111111101011111111111111111111111111111001000000000000000000000000000000000000000000000000000000000000000000001
11111111110000010000000000000000000000000000000000000000000000000000000000011111111110000011000000000000000000111110000000000111111111110011111111111111111111111111111000000000000000000000000000000000000000000000000000000000000000000000001
11111111110101000000000000100000000000000100000000000000000000000000000000011111111111111100000000000000000000111100000000000011111111000001111111111111111111111111111000000000000000000000000000000000000000000000000000000000000000000000001
11111111110110001000000010100100001101111001000000000000000000000000000010111111111111111000011110000000000001111000001111111111111110000000111111111111111111111111111100000000000000000000000000000000000000000000000000000000000000000000001
11111111110000111000000000110000011101001001000000000000000000000000000010111111111111111111111111000000000010010000000111111111111100000000111111111111111111111111111100000000000000000000000000000000000000000000000000000000000000000000001
11111111110111111000000001101000011011010001000000000000000000000000000011111111111111111100011111100000000010100000000111111101000000000000111111111111111111111111111100100000000000000000000000000000000000000000000000000000000000000000001
11111111111111010000111011110001111001110000000000010000000000000000000001111111111110011000001111000000000011000000000000000000000000000000111111111111111111111111111100000000000000000000000000000000000000000000000000000000000000000000001
11111111111111010010111010110001110011110001000000000000000000000000000001111111111100000000000000000000000000000000000000000000000000000000111111111111111111111111111100000000000000000000000000000000000000000000000000000000000000000000001
11110111111111110101111110111000011111001101000001000000000000000000000001111111111100000000000000000000000000000000000000000000000000000000111111111111111111111111111100000000000000000000000000000000000000000000000000000000000000000000001
11111111110111110001111111101000011111011011000001000000000000000000000011111111111100000000000000000000000000000000000000000000000000000000111111111111111111111111111111000110000000000000000000000000000000000000000000000000000000000000001
11111111100111100000111000000000111111111011000001000000000000010000000011111111111100000000000000000000000000000000000000000000000000000000111111111111111111111111111110111100000000000000000000000000000000000000000000000000000000000000001
11111110011111110001111111000000111110011100000011000000000000000000000101111111111100000000000000000000000000000000000000000000000000000001111111111111111111111111111110110100000000000000000000000000000000000000000000000000000000000000001
11111100011111110001110111110000111111011101100011001000000100000110000001111111111100000000000000000000000000000000000000000000000000000000111111111111111111111111111110000000000000000000000000000000000000000000000000000000000000000000001
11111110111111111101111111011101111110111111110111001000000100000110000010111111111100000000000000000000000000000000000000000000000000000001111111111111111111111111111110000000000000000000000000000000000000000000000000000000000000000000001
11111111111111111111111101111111111111111111111111111100000000000110000111111111111100000000000000000000000000000000000000000000000000000011111111111111111111111111111110000000000000000000000000000000000000000000000000000000000000000000001
11111111111111111111111111111111111111011111111011111011001100001110010110111111111100000000000000000000000000000000000000000000000000000001111111111111111111111111111110000000000000000000000000000000000000000000000000000000000000000000001
11111111111111111111111111111111111101111111111011111111111100111110011110111111111100000000000000000000000000000000000000000000000000000011111111111111111111111111111110000000000000000000000000000000000000000000000000000000000000000000001
11111111111111101111111111101111111111111111111111111111111100011110010110111111111100000000000000000000000000000000000000000000000000000011111111111111111111111111111110000000000000000000000000000000000000000000000000000000000000000000001
11111111111110101111111111111111111110111111111111111111011100111110111111111111111110000000000000000000000000000000000000000000000000000011111111111111111111111111111110000000000000000000000000000000000000000000000000000000000000000000001
11111111111111111111111111011111111101111111111111111110001100111111111111111111111110000000000000000000000000000000000000000000000000000011111111111111111111111111111111000000000000000000000000000000000000000000000000000000000000000000001
11111111111111111111111111111111111111111111111111111111110111111111111111111111111110000000000000000000000000000000000000000000000000000111111111111111111111111111111111101000000000000000000000000000000000000000000000000000000000000000001
11111111111111111111111111111011111111111111111111111111111111111111111111111111111110000000000000000000000000000000000000000000000000000111111111111111111111111111111111111011111100000000000000000000000000000000000000000000000000000000001
11111111111111111111111111111111111111111111111111111111111111111111111111111111111110000000000000000000000000000000000000000000000000001111111111111111111111111111111111111111001110000000000000000000000000000000000000000000000000000000001
11111111111111111111111111111111111111111111111111111111111111111111111111111111111111000000000000000000000000000000000000000000000000001111111111111111111111111111111111111111111011000000000000000000000000000000000000000000000000000000001
11111111111111111111111111111110111111111111111111111111111111111111111111111111111111000000000000000000000000000000000000000000000000001111111111111111111111111111111111111110111110000000000000000000000000000000000000000000000000000000001
11111111111111111111111111111011111111111111111110111111111111111111111111111111111111000000000000000000000000000000000000000000000000111111111111111111111111111111111111111111111000110000000000000000000000000000000000000000000000000000001
11111111111111111111111111111111111111111111111110111111111111111111111111111111111111000000000000000000001111011000000000000000000000111111111111111111111111111111111111111111110110000001100000000000000000000000000000000000000000000000001
11111111111111111111111111111111101111111111111111111111111111111111111111111111111111100000000000000000001111111000000000000000000000111111111111111111111111111111111111111111111110011110100000001000000000000000000000000000000000000000001
11111111111111111111111111111111101111111111111111111111111111111111111111111111111111100000000000000000111111111000000000000000000000111111111111111111111111111111111111111111111111100111111100111100000000000000000000000000000000000000001
11111111111111111111111111111111111111111111111111111111111111111111111111111111111111100000000000000011111111110000000000000000000000111111111111111111111111111111111111111111111111111000001111110000000000000000000000000000000000000000001
11111111111111111111111111111111111111111111111111111111111111111111111111111111111111110000000000000000111111000000000000000000000000011111111111111111111111111111111111111101000010001000000000000001000000000000000000000000000000000000001
11111111111111111111111111111111111111111111111111111111111111111111111111111111111111100000000000000000011100000000000000000000000000011111111111111111111111111111111111111110011000000000000000000001100000000000000000000000000000000000001
11111111111111111111111111111111111111011111111111111111111111111111111111111111111111110000000000000000000000000000000000000000000000111111111111111111111111111111111111111111111110000001100001111101000000000000000000000000000000001110111
11111111111111111111111111111111111111111111111111111111111111111111111111111111111111110000000000000000000000000000000000000000000000111111111111111111111111111111111111111111010010001000000001011001000000000000000000000000000000100110011
11111111111111111111111111111111111111111111111111111111111111111111111111111111111111110000000000000000000000000000100000000000000000011111111111111111111111111111111111111111110000100100000000000000000000000000000000000000000001001100001
11111111111111111111111111111111111111111111111111111111111111111111111111111111111111111000000001100000000001111111100000000000000000111111111111111111111111111111111111111000110010010101000000000000000000000000000000000000000010001000011
11111111111111111111111111111111111111111111111111111111111111111111111111111111111111111000000000000000001111111110000000000000000000111111111111111111111111111111111111111110010000000000001000000000000000000000000000000000000000101000001
11111111111111111111111111111111111111111111111111111111111111111111111111111111111111111000000000000000000000000000000000000000000000111111111111111111111111111111111111111111000000000000000000000000000000000000000000000000000000010111101
11111111111111111111111111111111111111111111111111111111111111111111111111111111111111111100000000000000000000000000000000000000000001111111111111111111111111111111111111111111101110100000000000000000000000000000000000000000000000000000001
11111111111111111111111111111111111111111111111111111111111111111111111111111111111111111100000000000000000000000000000000000000000111111111111111111111111111111111111111111101100000001000000000000000000000000000000000000000000000001000001
11111111111111111111111111111111111111111111111111111111111111111111111111111111111111111110000000000000000000000000000000000000000111111111111111111111111111111111111111111110011101001000000000000000000000000000000000001000000000000000001
11111111111111111111111111111111111111111111111111111111111111111111111111111111111111111111000000000000000000000000000000000000001111111111111111111111111111111111111111111100001000000000000000000000010000000000000000011100000000000000001
11111111111111111111111111111111111111111111111111111111111111111111111111111111111111111111100000000000000000000000000000000000111111111111111111111111111111111111111111111100010011110000000000100000000000000000000000000000000001000000001
11111111111111111111111111111111111111111111111111111111111111111111111111111111111111111111110000000000000000000000000000000011111111111111111111111111111111111111111111111100111001100000000000000100000100000000000110000000000000000000001
11111111111111111111111111111111111111111111111111111111111111111111111111111111111111111111111000000000000000000000000000000011111111111111111111111111111111111111111111111100000001000000000000000000000000000000000000100000000000000000001
11111111111111111111111111111111111111111111111111111111111111111110011111111111111111111111111100000000000000000000000000000111111111111111111111111111111111111111111111111100000011000000000000000000000000000000000000000000000000000000111
11111111111111111111111111111111111111111111111111111111111111101111011111111111111111111111111110000000000000000000000000001111111111111111111111111111111111111111111111111100000000000000000000001100000000000000000000000000000010000000011
11111111111111111111111111111111111111111111111001111111110000000000011111111111111111111111111111000000000000000000000000011111111111111111111111111111111111111111111111111111100000000000000000000000000010000000000000000000000000001110001
11111111111111111111111111111111111111111111111111111111111101111000011111111111111111111111111111100000000000000000000001111111111111111111111111111111111111111111111111111111000000000000000000000000000000000000000000000000000000001010111
11111111111111111111111111111111111111111111111111111111111111111111011111111111111111111111111111110000000000000000001111111111111111111111111111111111111111111111111111111110000000000000000000000000000000000000000000011100000001000111111
11111111111111111111111111111111111111111111111111111111111111111111111111111111111111111111111111111000000000000000111111111111111111111111111111111111111111111111111111111110110000000000000000000000000000000000000010000000000000000000111
11111111111111111111111111111111111111111111111111111111111111111110001111111111111111111111111111111100000000000011111111111111111111111111111111111111111111111111111111111111000000011000000000000000000001000000000000100010000000000000001
11111111111111111111111111111111111111111111111111111111111000001000001111111111111111111111111111111110000000111111111111111111111111111111111111111111111111111111111111111110011011111000010000000100000110010110000100110000000001000000001
11111111111111111111111111111111111111111111111111111110001110000000000111111111111111111111111111111111111111111111111111111111111111111111111111111111111111111111111111111111011011111000000000010100101111010110011111111101110000000000001
11111111111111111111111111111111111111111111111111111111111000000000000111111111111111111111111111111111111111111111111111111111111111111111111111111111111111111111111111111111110010111001000000111010100100101111010011111110110000000000001
11111111111111111111111111111111111111111111111111111111111111000000000111111111111111111111111111111111111111111111111111111111111111111111111111111111111111111111111111111111111110111111010010010010100111001100110111111111110000000011101
11111111111111111111111111111111111111111111111011111111111111000000000011111111111111111111111111111111111111111111111111111111111111111111111111111111111111111111111111111111101111111000000000000001101000010000111111111111110000001111101
11111111111111111111111111111111111111111111111001111001000000000000000011111111111111111111111111111111111111111111111111111111111111111111111111111111111111111111111111111111111101000000000000000001101111111011111110010011100011011111101
11111111111111111111111111111111111111111111110101110000000000000000000011111111111111111111111111111111111111111111111111111111111111111111111111111111111111111111111111111111111100000011000000000000111111111111111111111001011110100011111
11111111111111111111111111111111111111111111110110010000000000000000000011111111111111111111111111111111111100111111111111111111111111111111111111111111111111111111111111111111001100000000000000000000000110011111111111111110111111111111111
11111111111111111111111111111111111111111111111111111000000000000000000011111111111111111111111111111111111100001111111111111111111111111011111111111111111111111111111111111111101110101101000000000000011110000000011111111000011100001111111
11111111111111111111111111111111111111111111111111010000000000001100000111111111111111111111111111111111111100000011111111111111111111111010111111111111111111111111111111111111011010111100001111001111011111000000011011101000000000011111011
11111111111111111111111111111111111111111111110100000000000000000000001101111111111111111111111111111111111100000010111111111111111111000000111111111111111111111111111111111111111000110000000001011100000000000000000000000000000000001110101
11111111111111111111111111111111111111111000100000011000100010000000000011111111111111111111111111111111111100000000001111111111111110000000000111111111111111111111111111111111111100000000000000000000000000000000000000000000000000000011111
11111111111111111111111111111111111001110100010110101000000000000000000000111111111111111111111111111111111100000000001111111101111001000000000011111111111111111111111111111111111100000000000000000000000000000000000000000000000000000000001
11111111111111111111111111111111111111111111111000011000010000000000101111111111111111111111111111111111111110000000000000000101100000000000000011111111111111111111111111111111111000000000000000000000000000000000000000000000000000000000001
11111111111111111111111111111111111110010010110000011000010000000000000011011111111111111111111111111111111110000000000000000100000000000000000011111111111111111111111111111111111001100000000000000000000000000000000000000000000000000000001
11111111111111111111111111111111111110100111001100001000000000000100001111111111111111111111111111111111111110000000000000000000000000000000000001111111111111111111111111111111111111111100000001000000000000000000000000000000000000000000001
11111111111111111111111111111111111111111111111000011111110001010000001101011111111111111111111111111111111110000000000000000000000000000000000000111111111111111111111111111111111111111111111111100000000000000000000000000000000001000000011
11111111111111111111111111111111111111101111110100001100101101100111101111111111111111111111111111111111111110000000000000000000000000000000000000011111111111111111111111111111111111111111111111110000000000000000000000000000000000000000111
11111111111111111111111111111111111111111111111000001101100000000100011111111111111111111111111111111111111110000000000000000000000000000000000000011111111111111111111111111111111111111111111111111000001011110000000000000000000000000001011
11111111111111111111111111111111111111111111111100000000110101110000011111111111111111111111111111111111111110000000000000000000000000000000000000001111111111111111101111111111111111111111111011111000100111111000000000000000000000000011011
11111111111111111111111110011011111111111111111110011110111110001111011111111111111111111111111111111111111000000000000000000000000000000000000000001111111111111111111111111111111111111110111011110001111111111100000000000000000000000000001
11111111111111111111110110111011111111111111111111111101111111101111111111111111111111111111111111111111111000000000000000000000000000000000000000001111111111111111111111111111111111111111101101111001111111111100000000000000000000000000001
11111111111111111111111111111101111111111111111111111111111111111111111111111111111111111111111111111111100000000000000000000000000000000000000000001111111111111111111111111111111111111111111111111111111111111110000000000000000000000000111
11111111111111111111111111111111111111111110111111111111111111111111111111111111111111111111111111111110000000000000000000000000000000000000000000000111111111111111111111111111111111111111111111111111111111111010000000000000000000000000011
11111111111111111111111111001111111111111110111111111111111111111111111111111111111111111111111111111100000000000000000000000000000000000000000000000111111111111111111111111111111111111111111111111111100000100000000000000010000000000001011
11111111111111111111111111111111111111111101111111111111111111111111111111111111111111111111111111110000000000000000000000000000000000000000000000000111111111110011111111111111111111111111111111100000000000000000000000000110000100000000111
11111111111111111111111111111111111111111111111111111111111111111111111111111111111111111111111111000000000000000000000000000000000000000000000000000000111111100011111111111111111111111101111100100000000000000000000000000000000000000000111
11111111111111111111111111111111111111111111111111111111111111111111111111111111111111111111111110000000000000000000000000000000000000000000000000000011111111100011111111111111111111111110000000000000000000000000000000000000000000000011011
11111111111111111111111111111111111111111111111111111111111111111111111111111111111111111111111100000000000000000000000000000000000000000000000000000011111111100011111111111111111111111111110000000000000000000000000000000000000000000111111
11111111111111111111111111111111111111111111111111111111111111111111111111111111111111111111110000000000000000000000000000000000000000000000000000000011111111100011111111111111111111111111110000000000000000000000000000000000000000001111011
11111111111111111111111111111111111111111111111111111111111111111111111111111111111111111111100000000000000000000000000000000000000000000000000000000111111111100011111111111111111111111111111111100000000000000000000000000000000000001111001
11111111111111111111111111111111111111111111111111111111111111111111111111111111111111111111000000000000000000000000000000000000000000000000000000000111111110000111111111111111111111111111111111100000000000000000000000000000000000000000001
11111111111111111111111111111111111111111111111111111111111111111111111111111111111111111111000000000000000000000000000000000000000000000000000000000111111111100111111111111111111111111111111111111000000000000000000000000000000000000000001
11111111111111111111111111111111111111111101111111111111111111111111111111111111111111111110000000000000000000000000000000000000000000000000000000000111111111100111111111111111111111111111111111111110000000000000000000000000000000000000001
11111111111111111111111111111111111110111111111111111111111111111111111111111111111111111100000000000000000000000000000000000000000000000000000000000111111111100111111111111111111111111111111111111100000000000000000000000000000000000000001
11111111111111111111111111111111001100011111111111111111111111111111111111111111111111111100000000000000000000000000000000000000000000000000000000001100111111100111111111111111111111111111111111111110000000000000000000000000000000000000001
11111111111111111111111111111110011100011111111111111111111111111111111111111111111111111100000000000000000000000000000000000000000000000000000000000110001111101111111111111111111111111111111111111110000000000000000000000000000000000000001
11111111111111111111111111111111111001111111111111111111111111111111111111111111111111111000000000000000000000000000000000000000000000000000000000000011001111101111111111111111111111111111111111111001000000000000000000000000000000000000001
11111111111111111111111111111111111001111111111111111111111111111111111111111111111111111000000000000000000000000000000000000000000000000000000000000011101111101111111111111111111111111111111111111000000000000000000000000000000000000000001
11111111111111111111111111111111111111111111111111111111111111111111111111111111111111110000000000000000000000000000000000000000000000000000000000000011111111101111111111111111111111111111111111111001000100000000000000000000000000000000001
11111111111111111111111111111111011111111111111111111111111111111111111111111111111111100000000000000000000000000000000000000000000000000000000000000011101111101111111111111111111011111111111111111111100100000000000000000000000000000000001
11111111111111111111111001111111001001111111111111111111111111111111111111111111111111100000000000000000000000000000000000000000000000000000000000000111101111101111111111111111111000111111111111111100110000000000000000000000000000000000001
11111111111111111111111011100110001110111111111111111111111111111111111111111111111111100000000000000000000000000000000000000000000000000000000000001111111111111111111111111111110000110111111111111111111000000000000000000000000000000000001
11111111111111111111111011111111001110111111111111111111111111111111111111111111111110100000000000000000000000000000000000000000000000000000000000001111101111110111111111111110000001111111111111111111111000000000000000000000000000000000001
11111111111111111110001111001110001100111111111111111111111111111111111111111111111111000000000000000000000000000000000000000000000000000000000000010001100110110111111111111000000111111111111111111111100011000000000000000000000000000000001
11111111111111111110000111000100001100111111111111111111111111111111111111111111111100100000000000000000000000000000000000000000000000000000000000000011110110111111111111100001101111111111111111111111111010011000000000000000000000000000001
11111111111111111110000000000000001100001111111111111111111111111111111111111111111000100000000000000000000000000000000000000000000000000000000000000100011111111111111100001111111100000000001111111111111111111111111100000000000000000000001
11111111111111111111011100000000001000001111111111111111111111111111111111111111100000000000000000000000000000000000000000000000000000000000000000000000111111111111111001111100000000000000000111111111111111111101011110000000000000000000001
11111111111111111111111100000000000110000011111111111111111111111111111111111111000000000000000000000000000000000000000000000000000000000000000000000011111111111110000100000000000000011111111111111111111111111101001000000000000100000000001
11111111111111111111111100000000000000000110111111111111111111111111111111111111000000000000000000000000000000000000000000000000000000000000000000000010001111111100100000000000000000011111111111111111111111111111111111100000000110000000001
11111111111111111111111110000000000000100010111111111111111111111111111111111110000000000000000000000000000000000000000000000000000000000000000000000010111111110100000000000000000000000000000011111111111111111111111111110100100100000000001
11111111111111111111111111110000000011011011111111111111111111111111111111111100000000000000000000000000000000000000000000000000000000000000000000001011111111000000000000000000000000000000011111111111111111111111111101111111101100011100001
11111111111111111111111111111110000010011011111111111111111111111111111111111100000000000000000000000000000000000000000000000000000000000000000000000001111110000000000000000000000000000111111111111111111111111111111001111111111101111000001
11111111111111111111111111111111000000001110011111111111111111111111111111111100000000000000000000000000000000000000000000000000000000000000000000000011000100000000000000000000000000111111111111111111111111111111111111111111111111110000001
11111111111111111111111111111111100100001110111111111111111111111111111111111000000000000000000000000000000000000000000000000000000000000000000000000010000000000100000000000000000111111111111111111111111111111111111111111111111110000000001
11111111111111111111111111111111110000001111001111111111111111111111111111111000000000000000000000000000000000000000000000000000000000000000000000000000001000011100000000000000111111111111111111111111111111111111111111111111111111000000001
11111111111111111111111111111111110011110010000110111111111111111111111111111000000000000000000000000000000000000000000000000000000000000000000000000000000010000000000000000111111111111111111111111111111111111111111111111111111111111000001
11111111111111111111111111111111110111111100000000111111111111111111111111111000000000000000000000000000000000000000000000000000000000000000000000000000001000000000000011111111111111111111111111111111111111111111111111111111111111111100001
11111111111111111111111111111111110100111111000000111111111111111111111111111000000000000000000000000000000000000000000000000000000000000000000000000000110000000000000111111111111111111111111111111111111111111111111111111111111111111111001
11111111111111111111111111111111101111111111100000111111111111111111111111111100000000000000000000000000000000000000000000000000000000000000000000000001000000000000111111111111111111111111111111111111111111111111111111111111111111111111111
11111111111111111111111111111111111111111011000000111111111111111111111111111100000000000000000000000000000000000000000000000000000000000000000000000000000000000111111111111111111111111111111111111111111111111111111111111111111111111011111
11111111111111111111111111111111111111110111000001111111111111111111111111111110000000000000000000000000000000000000000000000000000000000000000000001000000000011111111111111111111111111111111111111111111111111111111111111111111111111100111
11111111111111111111111111111111111111111110000001111111111111111111111111111111000000000000000000000000000000000000000000000000000000000000000000000000000011111111111111111111111111111111111111111111111111111111111111111111111111111111101
11111111111111111111111111111111111111111000000011111111111111111111111111111111000000000000000000000000000000000000000000000000000000000000000000000001001111111111111111111111111111111111111111111111111111111111111111111111101111111111111
11111111111111111111111111111111111100000000001111111111111111111111111111111111100000000000000000000000000000000000000000000000000000000000000000000011111111111111111111111111111111111111111111111111111111111111111111111111111101111111111
11111111111111111111101011101000000000000000011111111111111111111111111111111111111100000000000000000000000000000000000000000000000000000000000000001111111111111111111111111111111111111111111111111111111111111111111111110001111110101111111
11111111111111111100000010100000000000001111111111111111111111111111111111110111101111000000000000000000000000000000000000000000000000000000000000011111111111111111111111111111111111111111111111111111111111111111111111111001110110111111111
11111111111111110000100111111000000000011111111111111111111111111111111111111111100001111000000000000000000000000000000000000000000000000000000001111111111111111111111111111111111111111111111111111111111111111111111111111101100000011111111
11111111111111110001101111111001000111111111111111111111111111111111111111111111111010111110000000000000000000000000000000000000000000000000110110111111111111111111111111111111111111111111111111111111111111111111111111111100111000001111111
11111111111111110111101111111111111111111111111111111111111111111111111111111111111111101111111000000000000000000000000000000000000000000000110001111111111111111111111111111111111111111111111111111111111111111111111111111100010000000011111
11111111111111011111111111011111111111111111111111111111111111111111111111111111111111010100011111100000000000000000000000000000000000000011100011111111111111111111111111111111111111111111111111111111111111111111111111111111011001001111111
11111111111110011111111111001111111111111111111111111111111111111111111111111111111111110001111111111100000000000000000000000000000000000110001111111111111111111111111111111111111111111111111111111111111111111111111111111111011000011111111
11111111111110011111111110111111111111111111111111111111111111111111111111111111111111111111111101111111111100000000000000000000000000011100111111111111111111111111111111101111111111111111111111111111111111111111111111111111111100011111111
11111111111111111111111111011111111111111111111111111111111111111111111111111111111101111111110110100001011111111100000000000000001100110011111111111111111111111111111111111111111111111111111111111111111111111111111111111111111111101111111
11111111111110011111111111101111111111111111111111111111111111111111111111111111111111111111111111111100010000001111111111111100010011100111111001111111111111111111111111011111111111111111111111111111111111111111111111111111111111111111111
11111111111111000111111111111011111011111111111111111111111111111111111111111111111111111111111111011110010100000000001010000001100110011111110111111111111111111111111111111111111111111111111111111111111111111111111111111111111111111111111
11111111111111111001111111111111111111111111111111111111111111111111111111111111111111111111110101110001110100101011101110111011111100111111101111111111111111111111111110111111111111111111111111111111111111111111111111111111111111111111111
11111111111111111111111100000001111111111111111111111111111111111111111111111111111111111111011101110111111111010111111111110011111011111111111111111111111111111111111111111111111111111111111111111111111111111111111111111111111111111111111
11111111111111111111111101000000000000111111111111111111111111111111111111111111111111111111110010101111110111111111111111111111100111111111111111111111111111111111111101111111111111111111111111111111111111111111111111111111111111111111111
11111111111111111111111111100010000000111111111111111111111111111111111111111111111111111111111101011111110111011111111111111111011111111111111111111111111111111111111111111111111111111111111111111111111111111111111111111111111111111111111
11111111111111111000100111110000000001111111111111111111111111111111111111111111111111111111111101010111111111111111101111111100111111111111111111111111111111111111111111111111111111111111111111111111111111111111111111111111111111111111111
11111111111111111111110111110000000001111111111111111111111111111111111111111111111111111111111011011111110111111111111111111111111111111111111111111111111111111111110111111111111111110001111111111111111111111111111111111111111111111111111
11111111111111111111111111111111111111111111111111111111111111111111111111111111111111111111101011111111110111111111111111111111111111111111111111111111111111111111111111111111111111001111111111111111111111111111111111111111111111111111111
11111111111111111111111111111111111111111111111111111111111111111111111111111111111111111111111011111110111111111111111111111111111111111111111111111111111111111111111111111111111100011111111111111111111111111111111111111111111010001101111
11111111111111111111111111111111111111111111111111111111111111111111111111111111111111111111111111111110111111111111111111111111111111111111111111111111111111111111111111111111110001111111111111111111111111111111111111111111111011001101011
11111111111111111111111111111111111111111111111111111111111111111111111111111111111111111111111111111111111111111111111111111111111111111111111111111111111111111111111111111111100111111111111111111111111111111111111111111111111000000000001
11111111111111111111111111111111111111111111111111111111111111111111111111111111111111111111111111111111111111111111111101111111111111111111111111111111111111111111111111111111111111110111111111111111111111111111111111111111111100000000011
11111111111111111111111111111111111111111111111111111111111111111111111111111111111111111111111111111111111111111111111111111111111111111111111111111111111111111111111111111110111111001111111111111111111111111111111111111111111101010000011
11111111111111111111111111111111111111111111111111111111111111111111111111111111111111111111111111111111111111111111111111111111111111111111111111111111111111111111111111111111111110011111111111111111111111111111111111111111111111111100011
11111111111111111111111111111111111111111111111111111111111111111111111111111111111111111111111111111111111111111111111111111111111111111111111111111111111111111111111111111111111101111111111111111111111111111111111111111111111111111111111
11111111111111111111111111111111111111111111111111111111111111111111111111111111111111111111111111111111111111111111111111111111111111111111111111111111111111111111111111111111100111111011111011111111111111111111111111111111111111111111111
11111111111111111111111111111111111111111111111111111111111111111111111111111111111111111111111111111111111111111111111111111111111111111111111111111111111111111111111111111111001111111011100111111111111111111111111111111111111111111111111
11111111111111111111111111111111111111111111111111111111111111111111111111111111111111111111111111111111111111111111111111111111111111111111111111111111111111111111111111111111011111111101111111111111111111111111111111111111111111111111111
11111111111111111111111111111111111111111111111111111111111111111111111111111111111111111111111111111111111111111111111111111111111111111111111111111111111111111111111111111111101111110111111111111111111111111111111111111111111111111111111
11111111111111111111110111101111111111111111111111111111111111111111111111111111111111111111111111111111111111111111111111111111111111111111111111111111111111111111111111111111111111111111111111111111111111111111111111111111111111111111111
11111111111111111111111010000001111111111111111111111111111111111111111111111111111111111111111111111111111111111111111111111111111111111111111111111111111111111111111111111111111110111111111111111111111111111111111111111111111111111111111
11111111111111111111111110011011111111111111111111111111111111111111111111111111111111111111111111111111111111111111111111111111111111111111111111111111111111111111111111111111111111111111111111111111111111111111111111111111111111111111111
11111111111111111111111111001110111111111111111111111111111111111111111111111111111111111111111111111111111111111111111111111111111111111111111111111111111111111111111111111111111111111111111111111111111111111111111111111111111111111111111
11111111111111110111111100001111111111111111111111111111111111111111111111111111111111111111111111111111111111111111111111111111111111111111111111111111111111111111111111111111101111111111111111111111111111111111111111111111111111111111111
11111111111001101100111100001111111111111111111111111111111111111111111111111111111111111111111111111111111111111111111111111111111111111111111111111111111111111111111111111111101111111111111111111111111111111111111111111111111111111111111
11111111101111101100000101001011111111111111111111111111111111111111111111111111111111111111111111111111111111111111111111111111111111111111111111111111111111111111111111111111111111111111111111111111111111111111111111111111111111111111011
11111111111111111101011111011100111111111111111111111111111111111111111111111111111111111111111111111111111111111111111111111111111111111111111111111111111111111111111111111111111111111111111111111111111111111111111111111111111111111111111
11111111111111111111011100001001111111111111111111111111111111111111111111111111111111111111111111111111111111111111111111111111111111111111111111111111111111111111111111111111111111111111111111111111111111111111111111111111111111111011011
11111111111111111111010000111001111111111111111111111111111111111111111111111111111111111111111111111111111111111111111111111111111111111111111111111111111111111111111111111111111111111111111111111111111111111111111111111111111111111111014
